 4.57100000e+03
 3.45100000e+03
 2.49500000e+03
 9.87500000e+03
 7.57200000e+03
 3.24500000e+03
 6.45200000e+03
 5.62700000e+03
 6.51100000e+03
 2.92200000e+03
 4.57100000e+03
 3.45100000e+03
 2.49500000e+03
 9.87500000e+03
 7.57200000e+03
 3.24500000e+03
 6.45200000e+03
 5.62700000e+03
 6.51100000e+03
 2.92200000e+03
 3.45100000e+03
 2.49500000e+03
 9.87500000e+03
 7.57200000e+03
 3.24500000e+03
 6.45200000e+03
 5.62700000e+03
 6.51100000e+03
 2.92200000e+03
 3.45100000e+03
 2.49500000e+03
 9.87500000e+03
 7.57200000e+03
 3.24500000e+03
 6.45200000e+03
 5.62700000e+03
 6.51100000e+03
 2.92200000e+03
 3.45100000e+03
 2.49500000e+03
 9.87500000e+03
 7.57200000e+03
 3.24500000e+03
 6.45200000e+03
 5.62700000e+03
 6.51100000e+03
 2.92200000e+03
 3.45100000e+03
 2.49500000e+03
 9.87500000e+03
